912853
911910
910761
910751
909033
909006
908156
908141
908129
908058
907912
906945
906872
906801
906800
906742
906534
906441
905838
905275
905273
905222
905118
904222
903843
901408
900501
900038
900037
900033
900029
900026
899636
899606
899600
899586
899556
898747
896693
895859
893666
893621
893326
892632
891923
891887
891586
891585
891522
891518
891516
885518
885517
885411
884251
884250
884059
882848
882809
881220
881219
881180
881176
881175
881145
881118
881117
881115
881095
880133
879018
878865
878540
878534
878330
878082
876755
874840
874375
874366
874353
873667
873666
873599
873596
873589
873335
873331
872324
872286
871651
871649
871632
871481
870756
870663
869720
869635
869561
868111
868086
859048
858680
858655
858333
855336
849421
849418
847348
847038
847030
846876
845412
844173
844018
843947
840717
836194
829718
829713
826133
826108
826060
826002
820698
820660
820655
820641
819530
818070
818069
817516
814304
814302
813507
813504
813417
813352
813299
813297
811380
811284
810527
809278
809261
809260
804234
804035
801975
801822
801726
801558
799293
799242
799239
799224
799217
799207
799200
799191
798706
797081
797078
797028
797027
796056
796040
793414
793374
793340
792035
792012
792008
791978
791960
791949
787657
784609
784604
784579
784573
784556
784120
784094
780507
780434
780409
780386
780361
780360
775290
775279
775266
775261
775241
775196
775174
770761
770751
770070
770051
770041
770028
770011
769622
769602
769585
769517
769323
765906
765886
765853
765844
765636
765621
764937
764933
764924
764916
764909
764898
764595
764590
764545
764533
764532
764523
764513
764500
764425
764404
764395
762400
762396
759478
759472
759233
759226
759001
756876
756697
756689
756675
756667
756662
756643
756636
754371
754345
750386
750368
750345
750327
749998
749890
747545
744705
744063
741939
741936
741923
741906
741886
736239
736232
736231
736172
735053
734982
732922
731182
731177
731168
731156
731127
731100
731028
727270
727206
727188
727175
725795
725771
722807
722792
722769
722739
722725
719439
719433
719314
719127
719110
717123
715839
715833
715601
715593
715587
715574
712257
710899
710893
710863
710802
710788
710774
710748
707000
706627
706566
703752
703528
703314
702145
701891
696591
696573
696527
696518
693155
693120
693100
693066
693062
692948
692188
692090
687160
687031
685999
682100
682023
681986
677602
677490
675050
662016
662010
659743
659738
659720
659719
659712
659706
658405
658377
650312
650309
649966
648145
648144
647494
647492
647419
647111
646989
643547
643540
642993
635621
635561
635550
635515
635501
635013
634687
634684
633885
631366
629812
629436
624878
623997
620171
617668
613151
613142
613131
613105
613083
613071
613042
613030
612971
612939
611471
609299
609293
609257
608158
608154
606147
606029
605968
605832
605489
601512
601492
601479
601466
601440
601427
601197
601195
601135
591256
591226
591106
591035
585195
585158
585079
584987
580047
580020
579801
579569
579344
570301
569326
551938
545499
545488
545471
544602
544537
543212
542030
540395
540381
540255
539858
536062
536060
536058
536052
536051
536045
535943
535753
534648
534634
534611
533260
531391
529274
465820
465575
463683
463297
463269
463207
463206
462890
462887
462884
462883
462769
462768
462761
462749
462736
462730
462728
462710
461021
461020
461019
460542
460293
459906
458623
454581
452026
444116
429984
429672
429532
428919
421915
421914
421913
421912
421911
421910
421904
421901
421900
421899
402314
395228
394423
